-2.53543036140265
-0.498519798399594
-0.485365436690142
0.0639138101106510
1.50258012746903
0.843271705510706
0.163353247111672
0.249857373262283
-2.33797372722968
-1.95854754533205
0.556519186513578
-0.206913001286730
0.263943513951303
1.96616931295536
1.11038129540237
-0.245993452716630
-0.48247105914496
-0.923774262475239
0.590222724690300
0.118687191801653
0.685906175067932
0.00381728562941286
-0.938396370046951
1.51117229331919
0.180057621450493
1.26279646530708
-1.78302756578726
-3.37134628519176
-2.22952482712288
-4.82036505454092
-2.25178959805227
-3.05061311335469
-2.45491103104118
-0.315273011705752
0.158367650903901
0.64957403145147
0.534733176077467
-0.228398774654522
0.712015930810087
1.64806603925521
-2.12404201631847
-0.765085549640166
-2.52073118931881
-1.43975821324018
-1.08538092156871
-0.174596169480300
0.727284711165668
0.0133196885879863
1.20752170493172
-0.954810691571285
-0.648344497409166
-2.30151057375817
-0.820520248238039
-0.995913022074929
-0.936852352631774
-0.575477457197794
1.54405981695790
-1.23550259180176
3.51118010374131
1.48799133213574
